Chapel Results:
NumProc: 1, Time: 7.463785, Sum: 499999999500000000
NumProc: 2, Time: 4.231605, Sum: 499999999500000000
