Golang Results:
NumProc: 1, Time: 0.68977, Sum: 499999999500000000
NumProc: 2, Time: 0.67285, Sum: 499999999500000000
