C with MPI Results: 
NumProc: 1, Time: 5.374006, Sum: 499999999500000000
NumProc: 2, Time: 0.354150, Sum: 499999999500000000
